"""
Built-in Q matrices and their lowest cost and "correct answers".
"""

qubits_3 = [
    [5.1392, 8.3819, -5.5258],
    [8.3819, -6.8845, -7.2893],
    [-5.5258, -7.2893, 1.0008],
]

ground_3 = {"bin_state": "011", "dec_state": 3, "energy": -20.4623}

qubits_4 = [
    [-1.6292, -0.0451, 2.3957, 3.0602],
    [-0.0451, 2.1688, 2.4190, -3.8315],
    [2.3957, 2.4190, 3.9348, 0.1753],
    [3.0602, -3.8315, 0.1753, -2.8370],
]

ground_4 = {"bin_state": "0101", "dec_state": 5, "energy": -8.3312}

qubits_5 = [
    [-9.4291, -1.6019, 1.9343, -0.2141, -8.7335],
    [-1.6019, 8.6767, -6.4287, -4.1609, -8.6520],
    [1.9343, -6.4287, -5.9249, 1.7974, -4.8354],
    [-0.2141, -4.1609, 1.7974, 8.8065, 8.0320],
    [-8.7335, -8.6520, -4.8354, 8.0320, -2.8406],
]

ground_5 = {"bin_state": "11101", "dec_state": 29, "energy": -66.1523}

qubits_6 = [
    [-6.2846, -1.1275, -0.0589, -1.3926, -6.3518, 2.8184],
    [-1.1275, 3.4039, -6.1943, 0.3797, -1.6178, -9.7141],
    [-0.0589, -6.1943, -8.4891, -2.3465, -8.8365, 1.0696],
    [-1.3926, 0.3797, -2.3465, -6.4120, -7.6571, -5.4157],
    [-6.3518, -1.6178, -8.8365, -7.6571, 7.2076, 0.3253],
    [2.8184, -9.7141, 1.0696, -5.4157, 0.3253, 3.0779],
]

ground_6 = {'bin_state': '111111', 'dec_state': 63, 'energy': -99.7359}