qubits_3 = [
    [5.13925279, 8.38197097, -5.52584782],
    [8.38197097, -6.8845557, -7.28934067],
    [-5.52584782, -7.28934067, 1.0008597],
]

ground_3 = {"bin_state": "011", "dec_state": 3, "energy": -20.462377337114177}

qubits_4 = [
    [-1.6292952872037127, -0.04518453989607769, 2.3957066586388653, 3.060242960266281],
    [-0.04518453989607769, 2.1688288087887675, 2.4190764531813636, -3.831570758553554],
    [2.3957066586388653, 2.4190764531813636, 3.9348386438605867, 0.17536709385195443],
    [3.060242960266281, -3.831570758553554, 0.17536709385195443, -2.837081322772239],
]

ground_4 = {"bin_state": "0101", "dec_state": 5, "energy": -8.3314}


qubits_5 = [
    [-4.93526383, 2.76588379, 5.93255147, -0.53762913, 7.65525768],
    [2.76588379, -1.14506093, -1.06527102, -9.62103694, 6.28046419],
    [5.93255147, -1.06527102, 3.93767286, 1.49446136, 8.05019429],
    [-0.53762913, -9.62103694, 1.49446136, 4.10192629, -5.86863661],
    [7.65525768, 6.28046419, 8.05019429, -5.86863661, 3.58841583],
]

ground_5 = {"bin_state": "11010", "dec_state": 26, "energy": -16.763963024009353}
